(base) steveschluchter@Steves-MacBook-Pro Next_Smallest_Self_Dual_Pseudosurfaces % python make_graphs.py
Steve was here
This will take a while.  Give it less than a minute. :)
I've got 22 distinct nonisomorphic graphs for your computing pleasure.
1   [(2, 3), (2, 4), (2, 5), (2, 6), (2, 7), (3, 4), (3, 5), (3, 6)]
2   [(2, 3), (2, 4), (2, 5), (2, 6), (2, 7), (3, 4), (3, 5), (4, 5)]
3   [(2, 3), (2, 4), (2, 5), (2, 6), (2, 7), (3, 4), (3, 5), (4, 6)]
4   [(2, 3), (2, 4), (2, 5), (2, 6), (2, 7), (3, 4), (3, 5), (6, 7)]
5   [(2, 3), (2, 4), (2, 5), (2, 6), (3, 4), (3, 5), (3, 6), (4, 7)]
6   [(2, 3), (2, 4), (2, 5), (2, 6), (3, 4), (3, 5), (3, 7), (4, 5)]
7   [(2, 3), (2, 4), (2, 5), (2, 6), (3, 4), (3, 5), (3, 7), (4, 6)]
8   [(2, 3), (2, 4), (2, 5), (2, 6), (3, 4), (3, 5), (3, 7), (6, 7)]
9   [(2, 3), (2, 4), (2, 5), (2, 6), (3, 4), (3, 5), (4, 5), (6, 7)]
10   [(2, 3), (2, 4), (2, 5), (2, 6), (3, 4), (3, 5), (4, 6), (5, 7)]
11   [(2, 3), (2, 4), (2, 5), (2, 6), (3, 4), (3, 5), (4, 7), (5, 7)]
12   [(2, 3), (2, 4), (2, 5), (2, 6), (3, 4), (3, 5), (4, 7), (6, 7)]
13   [(2, 3), (2, 4), (2, 5), (2, 6), (3, 4), (3, 7), (4, 7), (5, 6)]
14   [(2, 3), (2, 4), (2, 5), (2, 6), (3, 4), (3, 7), (4, 7), (5, 7)]
15   [(2, 3), (2, 4), (2, 5), (2, 6), (3, 4), (3, 7), (5, 6), (5, 7)]
16   [(2, 3), (2, 4), (2, 5), (2, 6), (3, 4), (3, 7), (5, 7), (6, 7)]
17   [(2, 3), (2, 4), (2, 5), (2, 6), (3, 7), (4, 7), (5, 7), (6, 7)]
18   [(2, 3), (2, 4), (2, 5), (3, 4), (3, 5), (4, 6), (5, 6), (6, 7)]
19   [(2, 3), (2, 4), (2, 5), (3, 4), (3, 5), (4, 6), (5, 7), (6, 7)]
20   [(2, 3), (2, 4), (2, 5), (3, 4), (3, 6), (4, 7), (5, 6), (5, 7)]
21   [(2, 3), (2, 4), (2, 5), (3, 4), (3, 6), (5, 6), (5, 7), (6, 7)]
22   [(2, 3), (2, 4), (2, 5), (3, 6), (3, 7), (4, 6), (4, 7), (5, 6)]
End program!
